For machine #2, it seems we have to prove that
D (11111111100111111111111111001111111111100011111000111111111000111111111000)^(N  )1111111110001111111110001111111110111001111111111111111111111111111111011o
yields
D (11111111100111111111111111001111111111100011111000111111111000111111111000)^(N+1)1111111110001111111110001111111110111001111111111111111111111111111111011o
in 4328 steps.
(Or might have to use N+1 & N+2, etc., to have enough bits for it to traipse over.)

Spectrum from the start:
HNR#2: [2, 7, 7, 11, 24, 20, 17, 24, 40, 23, 11, 24, 37, 55, 11, 24, 79, 58, 35, 11, 24, 103, 135, 24, 68, 49, 168, 40, 63, 11, 24, 37, 67, 11, 24, 91, 172, 95, 24, 191, 84, 22, 40, 49, 22, 40, 67, 22, 40, 85, 22, 40, 151, 258, 111, 40, 337, 124, 22, 40, 61, 22, 40, 79, 22, 40, 97, 22, 40, 353, 142, 22, 40, 151, 22, 40, 169, 22, 40, 187, 22, 40, 595, 168, 568, 183, 40, 527, 188, 572, 195, 11, 24, 37, 55, 11, 24, 79, 574, 223, 24, 595, 228, 624, 235, 11, 24, 37, 67, 11, 24, 91, 612, 247, 11, 24, 115, 151, 24, 123, 22, 40, 49, 22, 40, 67, 22, 40, 85, 22, 40, 151, 271, 40, 433, 451, 11, 24, 37, 55, 11, 24, 79, 551,
11, 24, 103, 135, 24, 117, 251, 11, 24, 37, 67, 11, 24, 91, 357, 11, 24, 115, 151, 24, 123, 22, 40, 49, 22, 40, 67, 22, 40, 85, 22, 40, 151, 271, 40, 433, 451, 11, 24, 37, 55, 11, 24, 79, 557,
11, 24, 103, 135, 24, 117, 251, 11, 24, 37, 67, 11, 24, 91, 357, 11, 24, 115, 151, 24, 123, 22, 40, 49, 22, 40, 67, 22, 40, 85, 22, 40, 151, 271, 40, 433, 451, 11, 24, 37, 55, 11, 24, 79, 557,
11, 24, 103, 135, 24, 117, 251, 11, 24, 37, 67, 11, 24, 91, 357, 11, 24, 115, 151, 24, 123, 22, 40, 49, 22, 40, 67, 22, 40, 85, 22, 40, 151, 271, 40, 433, 451, 11, 24, 37, 55, 11, 24, 79, 557,
11, 24, 103, 135, 24, 117, 251, 11, 24, 37, 67, 11, 24, 91, 357, 11, 24, 115, 151, 24, 123, 22, 40, 49, 22, 40, 67, 22, 40, 85, 22, 40, 151, 271, 40, 433, 451, 11, 24, 37, 55, 11, 24, 79, 557, 
11, 24, 103, 135, 24, 117, 251, 11, 24, 37, 67, 11, 24, 91, 357, 11, 24, 115, 151, 24, 123, 22, 40, 49, 22, 40, 67, 22, 40, 85, 22, 40, 151, 271, 40, 433, 451, 11, 24, 37, 55, 11, 24, 79, 557, 
11, 24, 103, 135, 24, 117, 251, 11, 24, 37, 67, 11, 24, 91, 357, 11, 24, 115, 151, 24, 123, 22, 40, 49, 22, 40, 67, 22, 40, 85, 22, 40, 151, 271, 40, 433, 451, 11, 24, 37, 55, 11, 24, 79, 557, 
11, 24, 103, 135, 24, 117, 251, 11, 24, 37, 67, 11, 24, 91, 357, 11, 24, 115]

HNR#5: [2, 5, 7, 12, 12, 11, 24, 19, 20, 48, 23, 11, 24, 37, 55, 11, 24, 79, 58, 35, 11, 24, 103, 135, 24, 68, 49, 168, 40, 63, 11, 24, 37, 67, 11, 24, 91, 172, 95, 24, 191, 84, 22, 40, 49, 22, 40, 67, 22, 40, 85, 22, 40, 151, 258, 111, 40, 337, 124, 22, 40, 61, 22, 40, 79, 22, 40, 97, 22, 40, 353, 142, 22, 40, 151, 22, 40, 169, 22, 40, 187, 22, 40, 595, 168, 568, 183, 40, 527, 188, 572, 195, 11, 24, 37, 55, 11, 24, 79, 574, 223, 24, 595, 228, 624, 235, 11, 24, 37, 67, 11, 24, 91, 612, 247, 11, 24, 115, 151, 24, 123, 22, 40, 49, 22, 40, 67, 22, 40, 85, 22, 40, 151, 271, 40, 433, 451, 11, 24, 37, 55, 11, 24, 79, 551,
11, 24, 103, 135, 24, 117, 251, 11, 24, 37, 67, 11, 24, 91, 357, 11, 24, 115, 151, 24, 123, 22, 40, 49, 22, 40, 67, 22, 40, 85, 22, 40, 151, 271, 40, 433, 451, 11, 24, 37, 55, 11, 24, 79, 557,
11, 24, 103, 135, 24, 117]

HNR#6: [4, 10, 6, 15, 15, 11, 24, 37, 31, 18, 11, 24, 44, 29, 48, 82, 31, 40, 97, 40, 22, 40, 61, 22, 40, 79, 22, 40, 97, 22, 40, 121, 182, 68, 22, 40, 43, 22, 40, 271, 88, 22, 40, 43, 22, 40, 305, 96, 342, 107, 40, 293, 112, 22, 40, 61, 22, 40, 79, 22, 40, 97, 22, 40, 167, 312, 135, 40, 415, 156, 428, 155, 11, 24, 37, 55, 11, 24, 79, 446, 191, 24, 443, 176, 22, 40, 49, 22, 40, 67, 22, 40, 85, 22, 40, 151, 526, 207, 40, 589, 220, 22, 40, 61, 22, 40, 79, 22, 40, 97, 22, 40, 605, 238, 22, 40, 151, 22, 40, 169, 22, 40, 187, 22, 40, 847, 264, 820, 279, 40, 779, 284, 824, 291, 11, 24, 37, 55, 11, 24, 79, 826, 319, 24, 847, 324, 876, 331, 11, 24, 37, 67, 11, 24, 91, 864, 343, 11, 24, 115, 151, 24, 123, 22, 40, 49, 22, 40, 67, 22, 40, 85, 22, 40, 151, 271, 40, 433, 451, 11, 24, 37, 55, 11, 24, 79, 551,
11, 24, 103, 135, 24, 117, 251, 11, 24, 37, 67, 11, 24, 91, 357, 11, 24, 115, 151, 24, 123, 22, 40, 49, 22, 40, 67, 22, 40, 85, 22, 40, 151, 271, 40, 433, 451, 11, 24, 37, 55, 11, 24, 79, 557, 11, 24, 103, 135, 24, 117, 251, 11, 24, 37, 67, 11, 24, 91, 357, 11, 24]


(HNR5REV11100011111011100011111011100011111011100011111011100011111011100011111011100011111011100011111011100011111011100011111011100011111111111111000111110001111111110001111111110001111111110001111111110001111111110111000111111111111111111111111100i at 15177)
 2: 15169 B 11100011111011100011111011100011111011100011111011100011111011100011111011100011111011100011111011100011111011100011111011100011111111111111000111110001111111110001111111110001111111110001111111110001111111110111000111111111111111111111111100i
 2: 19497 B 1110001111101110001111101110001111101110001111101110001111101110001111101110001111101110001111101110001111101110001111101110001111111111111100011111000111111111000111111111000111111111001111111111111110011111111111000111110001111111110001111111110001111111110001111111110001111111110111000111111111111111111111111100i
 6: 24263 B 11100011111011100011111011100011111011100011111011100011111011100011111011100011111011100011111011100011111011100011111011100011111011100011111011100011111011100011111011100011111011100011111011100011111111111111000111110001111111110001111111110001111111110001111111110001111111110111000111111111111111111111111100i
 6: 28591 B 1110001111101110001111101110001111101110001111101110001111101110001111101110001111101110001111101110001111101110001111101110001111101110001111101110001111101110001111101110001111101110001111101110001111111111111100011111000111111111000111111111000111111111001111111111111110011111111111000111110001111111110001111111110001111111110001111111110001111111110111000111111111111111111111111100i


                                                                                                                                                                                                                                                           1110001111111110001111111110001111111110111000111111111111111111111111100i
19497 B 1110001111101110001111101110001111101110001111101110001111101110001111101110001111101110001111101110001111101110001111101110001111111111111100011111000111111111000111111111000111111111001111111111111110011111111111000111110001111111110001111111110001111111110001111111110001111111110111000111111111111111111111111100i
                                                                                                                                                                                 1110001111111110001111111110001111111110111000111111111111111111111111100i
																																												 

The furthest left it had to go in the meantime was
16367 C 111000111110111000111110111000111110111000111110111000111110111000111110111000111110111000111110111000111110111000111110111000111111111111110001111100011111111100011111111100011111111100o111111111111101110111011101110111111101110111111101111111111111111111111111110111

Thus it is capable of turning
01111111110001111111110111000111111111111111111111111100i
into
1111111111111110011111111111000111110001111111110001111111110001111111110001111111110001111111110111000111111111111111111111111100i

and the most conservative lemma we could expect to prove is that for all N ≥ 0,																  
B (11111111111111100111111111110001111100011111111100011111111100011111111100)^(N  )01111111110001111111110111000111111111111111111111111100i
yields
B (11111111111111100111111111110001111100011111111100011111111100011111111100)^(N+1)01111111110001111111110111000111111111111111111111111100i
in 4328 steps.


Run beginning.
A: 1,<,C/0,>,E
B: 1,<,@/0,>,C
C: 1,>,D/0,<,A
D: 1,>,A/1,>,D
E: 1,<,A/0,>,B

HNR#2:
8 A 1o11
9 C i111
10 A o0111
11 C o10111
12 D 1i0111
13 D 11o111
14 A 111i11
15 E 1110i1
16 B 11100i
17 C 111000o
18 D 1110001o
19 A 11100011o
20 C 1110001i1
21 A 111000i01
22 E 1110000o1
23 A 111000o11
24 C 11100o111
25 D 111001i11
26 D 1110011i1
27 D 11100111i
28 D 111001111o
29 A 1110011111o
30 C 111001111i1
31 A 11100111i01
32 E 111001110o1
33 A 11100111o11
34 C 1110011i111
35 A 111001i0111
36 E 1110010o111
37 A 111001o1111
38 C 11100i11111
39 A 1110o011111
40 C 111o1011111
41 D 1111i011111
42 D 11111o11111
43 A 111111i1111
44 E 1111110i111
45 B 11111100i11
46 C 111111000i1
47 A 11111100o01
48 C 1111110o101
49 D 11111101i01
50 D 111111011o1
51 A 1111110111i
52 E 11111101110o
53 A 1111110111o1
54 C 111111011i11
55 A 11111101i011
56 E 111111010o11
57 A 11111101o111
58 C 1111110i1111
59 A 111111o01111
60 C 11111i101111
61 A 1111i0101111
62 E 11110o101111
63 A 1111o1101111
64 C 111i11101111
65 A 11i011101111
66 E 110o11101111
67 A 11o111101111
68 C 1i1111101111
69 A i01111101111
70 E 0o1111101111
71 A o11111101111
72 C o111111101111
73 D 1i11111101111
74 D 11i1111101111
75 D 111i111101111
76 D 1111i11101111
77 D 11111i1101111
78 D 111111i101111
79 D 1111111i01111
80 D 11111111o1111
81 A 111111111i111
82 E 1111111110i11
83 B 11111111100i1
84 C 111111111000i
85 A 11111111100o0
86 C 1111111110o10
87 D 11111111101i0
88 D 111111111011o
89 A 1111111110111o
90 C 111111111011i1
91 A 11111111101i01
92 E 111111111010o1
93 A 11111111101o11
94 C 1111111110i111
95 A 111111111o0111
96 C 11111111i10111
97 A 1111111i010111
98 E 11111110o10111
99 A 1111111o110111
C Run successful.

HNR#5:

Run beginning.
A: 1,<,C/1,<,A
B: 1,<,@/0,<,D
C: 1,>,D/0,<,E
D: 1,<,A/0,>,C
E: 1,>,C/0,<,B

6 A 1o11
7 C i111
8 E o0111
9 C 1o111
10 D 11i11
11 C 110i1
12 E 11o01
13 C 111o1
14 D 1111i
15 C 11110o
16 D 111101o
17 A 11110i1
18 A 1111o11
19 C 111i111
20 E 11i0111
21 B 1i00111
22 D i000111
23 C 0o00111
24 D 01o0111
25 A 0i10111
26 A o110111
27 C o1110111
28 D 1i110111
29 C 10i10111
30 E 1o010111
31 C 11o10111
32 D 111i0111
33 C 1110o111
34 D 11101i11
35 C 111010i1
36 E 11101o01
37 C 111011o1
38 D 1110111i
39 C 11101110o
40 D 111011101o
41 A 11101110i1
42 A 1110111o11
43 C 111011i111
44 E 11101i0111
45 B 1110i00111
46 D 111o000111
47 A 11i1000111
48 A 1i11000111
49 A i111000111
50 A o1111000111
51 C o11111000111
52 D 1i1111000111
53 C 10i111000111
54 E 1o0111000111
55 C 11o111000111
56 D 111i11000111
57 C 1110i1000111
58 E 111o01000111
59 C 1111o1000111
60 D 11111i000111
61 C 111110o00111
62 D 1111101o0111
63 A 111110i10111
64 A 11111o110111
65 C 1111i1110111
66 E 111i01110111
67 B 11i001110111
68 D 1i0001110111
69 C 10o001110111
70 D 101o01110111
71 A 10i101110111
72 A 1o1101110111
73 C i11101110111
74 E o011101110111
75 C 1o11101110111
76 D 11i1101110111
77 C 110i101110111
78 E 11o0101110111
79 C 111o101110111
80 D 1111i01110111
81 C 11110o1110111
82 D 111101i110111
83 C 1111010i10111
84 E 111101o010111
85 C 1111011o10111
86 D 11110111i0111
87 C 111101110o111
88 D 1111011101i11
89 C 11110111010i1
90 E 1111011101o01
91 C 11110111011o1
92 D 111101110111i
93 C 1111011101110o
94 D 11110111011101o
95 A 1111011101110i1
96 A 111101110111o11
97 C 11110111011i111
D Run successful.

#2 1000 A 111111111000111110001111101o110111111101111111
#51008 C 111111101111111011o101111100011111000111111111


#2 200 D 1110001111101111i011111
#5 208 A 111110i1111011111000111

#2 100 C 111111i1110111
#5 108 D i00011111000111

#2 150 E 10o1011101111111
#5 158 E 1111111011101o01

#2:
100 C 111111i1110111
101 A 11111i01110111
102 E 111110o1110111
103 A 11111o11110111
104 C 1111i111110111
105 A 111i0111110111
106 E 1110o111110111
107 A 111o1111110111
108 C 11i11111110111
109 A 1i011111110111
110 E 10o11111110111
111 A 1o111111110111
112 C i1111111110111
113 A o01111111110111
114 C o101111111110111
115 D 1i01111111110111
116 D 11o1111111110111
117 A 111i111111110111
118 E 1110i11111110111
119 B 11100i1111110111
120 C 111000i111110111
121 A 11100o0111110111
122 C 1110o10111110111
123 D 11101i0111110111
124 D 111011o111110111
125 A 1110111i11110111
126 E 11101110i1110111
127 B 111011100i110111
128 C 1110111000i10111
129 A 111011100o010111
130 C 11101110o1010111
131 D 111011101i010111
132 D 1110111011o10111
133 A 11101110111i0111
134 E 111011101110o111
135 A 11101110111o1111
136 C 1110111011i11111
137 A 111011101i011111
138 E 1110111010o11111
139 A 111011101o111111
140 C 11101110i1111111
141 A 1110111o01111111
142 C 111011i101111111
143 A 11101i0101111111
144 E 111010o101111111
145 A 11101o1101111111
146 C 1110i11101111111
147 A 111o011101111111
148 C 11i1011101111111
149 A 1i01011101111111
150 E 10o1011101111111

#5
108 D i00011111000111
109 C 0o0011111000111
110 D 01o011111000111
111 A 0i1011111000111
112 A o11011111000111
113 C o111011111000111
114 D 1i11011111000111
115 C 10i1011111000111
116 E 1o01011111000111
117 C 11o1011111000111
118 D 111i011111000111
119 C 1110o11111000111
120 D 11101i1111000111
121 C 111010i111000111
122 E 11101o0111000111
123 C 111011o111000111
124 D 1110111i11000111
125 C 11101110i1000111
126 E 1110111o01000111
127 C 11101111o1000111
128 D 111011111i000111
129 C 1110111110o00111
130 D 11101111101o0111
131 A 1110111110i10111
132 A 111011111o110111
133 C 11101111i1110111
134 E 1110111i01110111
135 B 111011i001110111
136 D 11101i0001110111
137 C 111010o001110111
138 D 1110101o01110111
139 A 111010i101110111
140 A 11101o1101110111
141 C 1110i11101110111
142 E 111o011101110111
143 C 1111o11101110111
144 D 11111i1101110111
145 C 111110i101110111
146 E 11111o0101110111
147 C 111111o101110111
148 D 1111111i01110111
149 C 11111110o1110111
150 D 111111101i110111
151 C 1111111010i10111
152 E 111111101o010111
153 C 1111111011o10111
154 D 11111110111i0111
155 C 111111101110o111
156 D 1111111011101i11
157 C 11111110111010i1
158 E 1111111011101o01

#2
119 B 11100i1111110111
120 C 111000i111110111 this is the start of the equivalence!
121 A 11100o0111110111
122 C 1110o10111110111
123 D 11101i0111110111
124 D 111011o111110111
125 A 1110111i11110111
126 E 11101110i1110111
127 B 111011100i110111
128 C 1110111000i10111
129 A 111011100o010111
130 C 11101110o1010111
131 D 111011101i010111
132 D 1110111011o10111
133 A 11101110111i0111
134 E 111011101110o111
135 A 11101110111o1111

#5
127 C 11101111o1000111
128 D 111011111i000111 this is the start of the equivalence!
129 C 1110111110o00111
130 D 11101111101o0111
131 A 1110111110i10111
132 A 111011111o110111
133 C 11101111i1110111
134 E 1110111i01110111
135 B 111011i001110111
136 D 11101i0001110111
137 C 111010o001110111
138 D 1110101o01110111
139 A 111010i101110111
140 A 11101o1101110111
141 C 1110i11101110111
142 E 111o011101110111
143 C 1111o11101110111
144 D 11111i1101110111
145 C 111110i101110111
146 E 11111o0101110111
147 C 111111o101110111
148 D 1111111i01110111
149 C 11111110o1110111
150 D 111111101i110111
151 C 1111111010i10111
152 E 111111101o010111
153 C 1111111011o10111
154 D 11111110111i0111
155 C 111111101110o111
156 D 1111111011101i11
157 C 11111110111010i1
158 E 1111111011101o01
159 C 11111110111011o1
160 D 111111101110111i
161 C 1111111011101110o
162 D 11111110111011101o
163 A 1111111011101110i1
164 A 111111101110111o11
165 C 11111110111011i111
166 E 1111111011101i0111
167 B 111111101110i00111
168 D 11111110111o000111
169 A 1111111011i1000111


#6
90 A 1110111111010o11
91 C 111011111101o111
92 D 11101111110i1111
93 C 1110111111o01111
94 D 111011111i101111
95 C 11101111i0101111
96 A 111011110o101111
97 C 11101111o1101111
98 D 1110111i11101111
99 C 111011i011101111
100 A 1110110o11101111
101 C 111011o111101111
102 D 11101i1111101111
103 C 1110i01111101111
104 A 11100o1111101111
105 C 1110o11111101111
106 D 111o111111101111
107 E 1111i11111101111
108 E 11111i1111101111
109 E 111111i111101111
110 E 1111111i11101111
111 E 11111111i1101111
112 E 111111111i101111
113 E 1111111111i01111
114 E 11111111111o1111
115 C 111111111111i111
116 A 1111111111110i11
117 B 11111111111100i1
118 D 111111111111000i
119 C 11111111111100o0
120 D 1111111111110o10
121 E 11111111111101i0
122 E 111111111111011o
123 C 1111111111110111o
124 D 111111111111011i1
125 C 11111111111101i01
126 A 111111111111010o1
127 C 11111111111101o11
128 D 1111111111110i111
129 C 111111111111o0111
130 D 11111111111i10111
131 C 1111111111i010111
132 A 11111111110o10111
133 C 1111111111o110111
134 D 111111111i1110111
135 C 11111111i01110111
136 A 111111110o1110111
137 C 11111111o11110111
138 D 1111111i111110111
139 C 111111i0111110111
140 A 1111110o111110111
141 C 111111o1111110111
142 D 11111i11111110111
143 C 1111i011111110111
144 A 11110o11111110111
145 C 1111o111111110111
146 D 111i1111111110111
147 C 11i01111111110111
148 A 110o1111111110111
149 C 11o11111111110111
150 D 1i111111111110111
151 C i0111111111110111
152 A 0o111111111110111
153 C o1111111111110111
154 D o11111111111110111
155 E 1i1111111111110111
156 E 11i111111111110111
157 E 111i11111111110111
158 E 1111i1111111110111
159 E 11111i111111110111
160 E 111111i11111110111
161 E 1111111i1111110111
162 E 11111111i111110111
163 E 111111111i11110111
164 E 1111111111i1110111
165 E 11111111111i110111
166 E 111111111111i10111
167 E 1111111111111i0111
168 E 11111111111111o111
169 C 111111111111111i11

 2: 15169 B                                                                         11100011111011100011111011100011111011100011111011100011111011100011111011100011111011100011111011100011111011100011111011100011111111111111000111110001111111110001111111110001111111110001111111110001111111110111000111111111111111111111111100i
 6: 24263 B 11100011111011100011111011100011111011100011111011100011111011100011111011100011111011100011111011100011111011100011111011100011111011100011111011100011111011100011111011100011111011100011111011100011111111111111000111110001111111110001111111110001111111110001111111110001111111110111000111111111111111111111111100i
 2: 19497 B                                                                         1110001111101110001111101110001111101110001111101110001111101110001111101110001111101110001111101110001111101110001111101110001111111111111100011111000111111111000111111111000111111111001111111111111110011111111111000111110001111111110001111111110001111111110001111111110001111111110111000111111111111111111111111100i
 6: 28591 B 1110001111101110001111101110001111101110001111101110001111101110001111101110001111101110001111101110001111101110001111101110001111101110001111101110001111101110001111101110001111101110001111101110001111111111111100011111000111111111000111111111000111111111001111111111111110011111111111000111110001111111110001111111110001111111110001111111110001111111110111000111111111111111111111111100i

* * * * *

Now for machine #18.
HNR#18: [10, 3, 21, 25, 3, 43, 54, 237, 68, 110, 202, 54, 237, 424, 107, 446, 137, 116, 127, 3, 659, 299, 3, 146, 731, 110, 555, 308, 346, 392, 242,
		 54, 231, 246, 346, 266, 54, 231, 246, 346, 266, 54, 231, 246, 346, 266,
		 54, 231, 246, 346, 266, 54, 231, 246, 346, 266, 54, 231, 246, 346, 266,
		 54, 231, 246, 346, 266, 54, 231, 246, 346, 266, 54, 231, 246, 346, 266,...]

The sum of the preamble numbers is 6218.
The sum of the pattern numbers is 3429.

6218 A                                                          o00101001101010100111101010100111101001010011001111010011111111111110100111111111111
7203 C                                       101010101001001010101001001001010010010101010101o111101001010011001111010011111111111110100111111111111
9647 A o00101001101010100111101010100111010101001101001111101010100110100111110101010011010011111101001010011001111010011111111111110100111111111111

* * * * *

Now for machine #25.
HNR#25: [2, 7, 5, 10, 11, 11, 26, 14, 34, 3, 12, 44, 77, 25, 28, 3, 12, 32, 50, 3, 12, 32, 68, 34, 3, 12, 118, 112, 3, 12, 32, 146, 34, 3, 12, 180, 218, 3, 12, 32, 208, 34, 3, 12, 189, 189, 28, 3, 12, 32, 50, 3, 12, 32, 68, 34, 3, 12, 118, 112, 3, 12, 32, 146, 34, 3, 12, 180, 218, 3, 12, 32, 208, 34, 3, 12, 286, 252, 3, 12, 32, 300, 34, 3, 12, 320, 320, 34, 3, 12, 148, 3, 12, 74, 130, 28, 3, 12, 32, 50, 3, 12, 32, 68, 34, 3, 12, 212,
		 112, 3, 12, 32, 162, 3, 12, 32, 68, 34, 3, 12, 132,
		 112, 3, 12, 32, 134, 3, 12, 32, 68, 34, 3, 12, 132,
		 112, 3, 12, 32, 134, 3, 12, 32, 68, 34, 3, 12, 132, ...]
Preamble: 6076
Pattern: 617
6076 D 100100100001010000100100010010001001000100100010010001100101001100101001001000100100010010001001000100100010010001001000100100011001000010000100100001000010000100100001010000101000010100i
6344 C 10010010000101000010010001001000100100010010001001000110010100110010100100100010010001001000100100010010001001000100100010010001100100001000010010000100o1101101110111011011101101110110111011101111
6693 D 10010010000101000010010001001000100100010010001001000110010100110010100100100010010001001000100100010010001001000100100010010001100100001000010010000100100101000010010001001000110010000100001010000101000010100i

------------------------------------------------

Now for some square root machines.

HNR#8: [4, 6, 10, 9, 10, 11, 7, 16, 9, 16, 7, 13, 7, 41, 28, 7, 51, 7, 95, 7, 41, 7, 71, 7, 89, 7, 69, 9, 106, 90, 9, 48, 70, 7, 61, 7, 91, 7, 109, 7, 233, 7, 81, 7, 111, 7, 129, 7, 247, 7, 101, 7, 131, 7, 149, 7, 267, 7, 121, 7, 151, 7, 169, 7, 287, 7, 141, 7, 171, 7, 189, 7, 307, 7, 161, 7, 191, 7, 209, 7, 327, 7, 181, 7, 211, 7, 229, 7, 347, 7, 201, 7, 231, 7, 249, 7, 367, 7, 221, 7, 251, 7, 269, 7, 387, 7, 241, 7, 271, 7, 289, 7, 407, 7, 261, 7, 291, 7, 309, 7, 427, 7, 281, 7, 311, 7, 329, 7, 447, 7, 301, 7, 331, 7, 349, 7, 467, 7, 321, 7, 351, 7, 369, 7, 487, 7, 341, 7, 371, 7, 389, 7, 507, 7, 361, 7, 391, 7, 409, 7, 527, 7, 381, 7, 411, 7, 429, 7, 547, 7, 401, 7, 431, 7, 449, 7, 567, 7, 421, 7, 451, 7, 469, 7, 587, 7, 441, 7, 471, 7, 489, 7, 607, 7, 461, 7, 491, 7, 509, 7, 627, 7, 481, 7, 511, 7, 529, 7, 647, 7, 501, 7, 531, 7, 549, 7, 667, 7, 521, 7, 551, 7, 569, 7, 687, 7, 541, 7, 571, 7, 589, 7, 707, 7, 561, 7, 591, 7, 609, 7, 727, 7, 581, 7, 611, 7, 629, 7, 747, 7, 601, 7, 631, 7, 649, 7, 767, 7, 621, 7, 651, 7, 669, 7, 787, 7, 641, 7, 671, 7, 689, 7, 807, 7, 661, 7, 691, 7, 709, 7, 827, 7, 681, 7, 711, 7, 729, 7, 847, 7, 701, 7, 731, 7, 749, 7, 867, 7, 721, 7, 751, 7, 769, 7, 887, 7, 741, 7, 771, 7, 789, 7, 907, 7, 761, 7, 791, 7, 809, 7, 927, 7, 781, 7, 811, 7, 829, 7, 947, 7, 801, 7, 831, 7, 849, 7, 967, 7, 821, 7, 851, 7, 869, 7, 987, 7, 841, 7, 871, 7, 889, 7, 1007, 7, 861, 7, 891, 7, 909, 7, 1027, 7, 881, 7, 911, 7, 929, 7, 1047, 7, 901, 7, 931, 7, 949, 7, 1067, 7, 921, 7, 951, 7, 969, 7, 1087, 7, 941, 7, 971, 7, 989, 7, 1107, 7, 961, 7, 991, 7, 1009, 7, 1127, 7, 981, 7, 1011, 7, 1029, 7, 1147, 7, 1001, 7, 1031, 7, 1049, 7, 1167, 7, 1021, 7, 1051, 7, 1069, 7, 1187, 7, 1041, 7, 1071, 7, 1089, 7]
HNR#11: [2, 5, 5, 8, 7, 13, 9, 13, 7, 24, 23, 7, 36, 9, 48, 30, 7, 41, 7, 77, 7, 67, 7, 77, 9, 99, 7, 61, 7, 97, 7, 87, 7, 98, 125, 7, 81, 7, 117, 7, 107, 7, 209, 7, 101, 7, 137, 7, 127, 7, 229, 7, 121, 7, 157, 7, 147, 7, 249, 7, 141, 7, 177, 7, 167, 7, 269, 7, 161, 7, 197, 7, 187, 7, 289, 7, 181, 7, 217, 7, 207, 7, 309, 7, 201, 7, 237, 7, 227, 7, 329, 7, 221, 7, 257, 7, 247, 7, 349, 7, 241, 7, 277, 7, 267, 7, 369, 7, 261, 7, 297, 7, 287, 7, 389, 7, 281, 7, 317, 7, 307, 7, 409, 7, 301, 7, 337, 7, 327, 7, 429, 7, 321, 7, 357, 7, 347, 7, 449, 7, 341, 7, 377, 7, 367, 7, 469, 7, 361, 7, 397, 7, 387, 7, 489, 7, 381, 7, 417, 7, 407, 7, 509, 7, 401, 7, 437, 7, 427, 7, 529, 7, 421, 7, 457, 7, 447, 7, 549, 7, 441, 7, 477, 7, 467, 7, 569, 7, 461, 7, 497, 7, 487, 7, 589, 7, 481, 7, 517, 7, 507, 7, 609, 7, 501, 7, 537, 7, 527, 7, 629, 7, 521, 7, 557, 7, 547, 7, 649, 7, 541, 7, 577, 7, 567, 7, 669, 7, 561, 7, 597, 7, 587, 7, 689, 7, 581, 7, 617, 7, 607, 7, 709, 7, 601, 7, 637, 7, 627, 7, 729, 7, 621, 7, 657, 7, 647, 7, 749, 7, 641, 7, 677, 7, 667, 7, 769, 7, 661, 7, 697, 7, 687, 7, 789, 7, 681, 7, 717, 7, 707, 7, 809, 7, 701, 7, 737, 7, 727, 7, 829, 7, 721, 7, 757, 7, 747, 7, 849, 7, 741, 7, 777, 7, 767, 7, 869, 7, 761, 7, 797, 7, 787, 7, 889, 7, 781, 7, 817, 7, 807, 7, 909, 7, 801, 7, 837, 7, 827, 7, 929, 7, 821, 7, 857, 7, 847, 7, 949, 7, 841, 7, 877, 7, 867, 7, 969, 7, 861, 7, 897, 7, 887, 7, 989, 7, 881, 7, 917, 7, 907, 7, 1009, 7, 901, 7, 937, 7, 927, 7, 1029, 7, 921, 7, 957, 7, 947, 7, 1049, 7, 941, 7, 977, 7, 967, 7, 1069, 7, 961, 7, 997, 7, 987, 7, 1089, 7, 981, 7, 1017, 7, 1007, 7, 1109, 7, 1001, 7, 1037, 7, 1027, 7, 1129, 7, 1021, 7, 1057, 7, 1047, 7, 1149, 7, 1041, 7, 1077, 7, 1067, 7, 1169, 7, 1061, 7, 1097, 7]
HNR#31: [6, 5, 12, 24, 5, 17, 13, 38, 13, 65, 5, 34, 13, 104, 13, 130, 13, 124, 13, 160, 5, 61, 13, 120, 13, 178, 13, 118, 13, 166, 13, 144, 13, 244, 13, 142, 13, 190, 13, 168, 13, 268, 13, 166, 13, 214, 13, 192, 13, 292, 13, 190, 13, 238, 13, 216, 13, 316, 13, 214, 13, 262, 13, 240, 13, 340, 13, 238, 13, 286, 13, 264, 13, 364, 13, 262, 13, 310, 13, 288, 13, 388, 13, 286, 13, 334, 13, 312, 13, 412, 13, 310, 13, 358, 13, 336, 13, 436, 13, 334, 13, 382, 13, 360, 13, 460, 13, 358, 13, 406, 13, 384, 13, 484, 13, 382, 13, 430, 13, 408, 13, 508, 13, 406, 13, 454, 13, 432, 13, 532, 13, 430, 13, 478, 13, 456, 13, 556, 13, 454, 13, 502, 13, 480, 13, 580, 13, 478, 13, 526, 13, 504, 13, 604, 13, 502, 13, 550, 13, 528, 13, 628, 13, 526, 13, 574, 13, 552, 13, 652, 13, 550, 13, 598, 13, 576, 13, 676, 13, 574, 13, 622, 13, 600, 13, 700, 13, 598, 13, 646, 13, 624, 13, 724, 13, 622, 13, 670, 13, 648, 13, 748, 13, 646, 13, 694, 13, 672, 13, 772, 13, 670, 13, 718, 13, 696, 13, 796, 13, 694, 13, 742, 13, 720, 13, 820, 13, 718, 13, 766, 13, 744, 13, 844, 13, 742, 13, 790, 13, 768, 13, 868, 13, 766, 13, 814, 13, 792, 13, 892, 13, 790, 13, 838, 13, 816, 13, 916, 13, 814, 13, 862, 13, 840, 13, 940, 13, 838, 13, 886, 13, 864, 13, 964, 13, 862, 13, 910, 13, 888, 13, 988, 13, 886, 13, 934, 13, 912, 13, 1012, 13, 910, 13, 958, 13, 936, 13, 1036, 13, 934, 13, 982, 13, 960, 13, 1060, 13, 958, 13, 1006, 13, 984, 13, 1084, 13, 982, 13, 1030, 13, 1008, 13, 1108, 13, 1006, 13, 1054, 13, 1032, 13, 1132, 13, 1030, 13, 1078, 13, 1056, 13, 1156, 13, 1054, 13, 1102, 13, 1080, 13, 1180, 13, 1078, 13, 1126, 13, 1104, 13, 1204, 13, 1102, 13, 1150, 13, 1128, 13, 1228, 13, 1126, 13, 1174, 13, 1152, 13, 1252, 13, 1150, 13, 1198, 13, 1176, 13, 1276, 13, 1174, 13, 1222, 13, 1200, 13, 1300, 13, 1198, 13, 1246, 13, 1224, 13, 1324, 13, 1222, 13, 1270, 13, 1248, 13, 1348, 13, 1246, 13, 1294, 13, 1272, 13, 1372, 13, 1270, 13, 1318, 13, 1296, 13, 1396, 13, 1294, 13, 1342, 13, 1320, 13, 1420, 13, 1318, 13, 1366, 13, 1344]
HNR#36: [6, 8, 13, 12, 22, 13, 24, 20, 26, 28, 90, 13, 40, 20, 26, 28, 40, 36, 42, 44, 58, 52, 58, 60, 72, 68, 74, 76, 96, 84, 90, 92, 104, 100, 106, 108, 122, 116, 122, 124, 136, 132, 138, 140, 162, 148, 154, 156, 168, 164, 170, 172, 186, 180, 186, 188, 200, 196, 202, 204, 224, 212, 218, 220, 232, 228, 234, 236, 250, 244, 250, 252, 264, 260, 266, 268, 826, 13, 280, 20, 26, 28, 40, 36, 42, 44, 58, 52, 58, 60, 72, 68, 74, 76, 96, 84, 90, 92, 104, 100, 106, 108, 122, 116, 122, 124, 136, 132, 138, 140, 162, 148, 154, 156, 168, 164, 170, 172, 186, 180, 186, 188, 200, 196, 202, 204, 224, 212, 218, 220, 232, 228, 234, 236, 250, 244, 250, 252, 264, 260, 266, 268, 296, 276, 282, 284, 296, 292, 298, 300, 314, 308, 314, 316, 328, 324, 330, 332, 352, 340, 346, 348, 360, 356, 362, 364, 378, 372, 378, 380, 392, 388, 394, 396, 418, 404, 410, 412, 424, 420, 426, 428, 442, 436, 442, 444, 456, 452, 458, 460, 480, 468, 474, 476, 488, 484, 490, 492, 506, 500, 506, 508, 520, 516, 522, 524, 554, 532, 538, 540, 552, 548, 554, 556, 570, 564, 570, 572, 584, 580, 586, 588, 608, 596, 602, 604, 616, 612, 618, 620, 634, 628, 634, 636, 648, 644, 650, 652, 674, 660, 666, 668, 680, 676, 682, 684, 698, 692, 698, 700, 712, 708, 714, 716, 736, 724, 730, 732, 744, 740, 746, 748, 762, 756, 762, 764, 776, 772, 778, 780, 808, 788, 794, 796, 808, 804, 810, 812, 826, 820, 826, 828, 840, 836, 842, 844, 864, 852, 858, 860, 872, 868, 874, 876, 890, 884, 890, 892, 904, 900, 906, 908, 930, 916, 922, 924, 936, 932, 938, 940, 954, 948, 954, 956, 968, 964, 970, 972, 992, 980, 986, 988, 1000, 996, 1002, 1004, 1018, 1012, 1018, 1020, 1032, 1028, 1034, 1036, 1072, 1044, 1050, 1052, 1064, 1060, 1066, 1068, 1082, 1076, 1082, 1084, 1096, 1092, 1098, 1100, 1120, 1108, 1114, 1116, 1128, 1124, 1130, 1132, 1146, 1140, 1146, 1148, 1160, 1156, 1162, 1164, 1186, 1172, 1178, 1180, 1192, 1188, 1194, 1196, 1210, 1204, 1210, 1212, 1224, 1220, 1226, 1228, 1248, 1236, 1242, 1244, 1256, 1252, 1258, 1260, 1274, 1268, 1274, 1276, 1288, 1284, 1290, 1292, 1320, 1300, 1306, 1308, 1320, 1316, 1322, 1324, 1338, 1332, 1338, 1340, 1352, 1348, 1354, 1356, 1376, 1364, 1370, 1372, 1384, 1380, 1386, 1388, 1402, 1396, 1402, 1404, 1416, 1412, 1418, 1420, 1442, 1428]

Differences[HNR#8, 1, 2]: [6, 3, 0, 2, -3, 5, 2, 0, -2, -3, 0, 28, 21, -34, 23, 0, 44, 0, -54, 0, 30, 0, 18, 0, -20, 2, 37, 81, -97, -42, 61, -41, -9, 0, 30, 0, 18, 0, 124, 0, -152,
						   0, 30, 0, 18, 0, 118, 0, -146,
						   0, 30, 0, 18, 0, 118, 0, -146,
						   0, 30, 0, 18, 0, 118, 0, -146, ...]
						   
The differences for s11 and s31 are especially similar, the differences for s8 are pretty similar to them too.

------------------------------------------------

Now for some log machines.
(The set of all log machines seems to be #s 9, 10, 15, 26, 32, 33, 34, 35.)
HNR#32: [4, 8, 7, 9, 17, 33, 24, 42, 69, 43, 9, 52, 76, 174, 350, 585, 93, 686, 15, 9, 42, 86, 174, 382, 170, 15, 9, 42, 118, 48, 9, 42, 96, 164, 390, 692, 1396, 2804, 5620, 11282, 22516, 45044, 90110, 180232, 360436, 720894, 1441790, 2883592, 5767156, 11534344, 23068660, 46137342, 63000073, 2153, 76, 170, 15, 9, 42, 118, 48, 9, 42, 96, 164, 430, 692, 1396, 2804, 5620, 11252, 22516, 45044, 90100, 180252, 360436, 720884, 1441780, 2883582, 5767166, 11534334, 23068680, 46137332, 92274706, 184549364, 369098740]


